Episodes,Average Episode Reward
0,33.20927347940724
1,62.28036236003001
2,22.387492552148622
3,25.166036688270573
4,23.479959141818465
5,22.45886516503439
6,15.509397230639575
7,24.389008220860784
8,53.59814013030742
9,51.63704757296915
10,0.22023983315763587
11,19.765904552166198
12,173.4065820453794
13,13.241249425425291
14,53.84838326588838
15,18.360770862521697
16,10.687234796117313
17,15.415632263482866
18,13.856986960838816
19,90.55532906005733
20,77.44260418681962
21,0.40298915975568134
22,10.221051884245153
23,33.67909638184647
24,26.22653625447474
25,23.601484807747443
26,11.545548078915097
27,32.14650059273176
28,30.928494692781122
29,15.532384527987094
30,47.95495168369198
31,0.13245744154779615
32,72.76423985594826
33,19.840951068314972
34,41.10080505525181
35,20.13494356039645
36,12.1430117769718
37,15.983675811288492
38,9.447297025582632
39,140.0841543242175
40,14.935035657340602
41,0.2624142725252442
42,17.446403239341752
43,23.0982325417172
44,8.304297458326161
45,155.08861082941016
46,48.854017543905485
47,31.444780980475837
48,94.53765100505501
49,10.127747690506466
50,60.54371140413324
51,0.12767696679855298
52,56.601643848806205
53,69.24633465989072
54,12.422600249270072
55,24.356740540932197
56,48.506002486483325
57,101.60196172606972
58,42.20178966726924
59,90.32023086860488
60,14.801794934647486
61,0.09430929989699381
62,51.73096256232523
63,30.048256873441392
64,51.24417269199199
65,65.56934871931833
66,33.423080375798364
67,14.546699154216569
68,54.54658323254762
69,17.977277799914702
70,15.099433184187546
71,0.5652090714070593
72,17.97054469907653
73,18.52855683990995
74,17.03034642314207
75,14.847301009948508
76,18.170455109728778
77,65.68954799934983
78,100.81109085596381
79,26.478611898806825
80,4.069819980274311
81,0.5478417119884345
82,7.2299659959913765
83,146.36650218434693
84,31.447555043739257
85,13.431261481708969
86,160.9940368904332
87,30.161144452188235
88,35.05234749283676
89,88.70395155361241
90,60.69963427780064
91,0.14415635091380613
92,32.651627460802715
93,61.645192139978285
94,84.21884687959432
95,32.74452645280908
96,29.01449215206774
97,113.8799740374447
98,76.77762125454505
99,42.2186477052735
100,54.00599887700164
101,0.3635314413989094
102,30.941928574343475
103,42.50219747030719
104,33.23375575376399
105,34.75291879508472
106,144.20149948945732
107,25.664971005334728
108,69.18865105935562
109,19.90660829881978
110,11.526602237685049
111,20.000236113989068
112,0.13335189006820194
113,23.0987891824557
114,96.4131491658659
115,70.83081210609271
116,44.927614982772376
117,39.743624566843344
118,153.3081140680641
119,23.49261295134191
120,17.219849660830132
121,42.843599128069215
122,0.08677700098199376
123,22.23520308806402
124,33.470929472104274
125,31.9986293276293
126,9.671307797285271
127,25.94667451670437
128,45.26116429203774
129,70.08133803432486
130,32.0277175033839
131,31.8226308151896
132,93.14058530578454
133,0.1956168169492803
134,25.41701403653519
135,36.4431916175146
136,10.83476935278045
137,25.42463970788566
138,108.19235332797669
139,49.093446775099345
140,60.110709874206094
141,263.1404690240642
142,29.986084333915183
143,0.7773497206378944
144,11.776835755219025
145,30.09947463290447
146,34.21848436678427
147,26.95298409021906
148,34.37426910885694
149,36.15835173901225
150,49.88218824409958
151,54.23905136177826
152,61.9584138841639
153,0.7519656128906425
154,229.03918799185644
155,6.207716970356362
156,62.38860648101629
157,213.35697372107688
158,43.21220073658286
159,42.98823326008648
160,11.485598460022924
161,36.79925783271213
162,202.59238069782188
163,0.47401581202337867
164,55.644040757545255
165,60.29265554687785
166,19.960005615515076
167,36.17937434964811
168,122.79440687987426
169,34.78234241392704
170,56.5825816571159
171,38.17240605798111
172,33.930556571284555
173,14.203113885373755
174,13.179647776081316
175,54.95493687120207
176,69.03066905097235
177,10.096844065201651
178,162.02616809161552
179,173.42991044828617
180,28.943564238242026
181,15.66703339309031
182,148.79698659848953
183,52.19238848635906
184,3.0623444123429664
185,19.92194410020003
186,28.145912045199633
187,28.967947890729253
188,13.984598842687475
189,16.097152519351205
190,209.50349662266694
191,9.433637496258635
192,48.48573752946885
193,19.361313017591613
194,8.462701740417533
195,16.83052186958173
196,139.7917780388809
197,8.512663011480283
198,88.27117459669311
199,39.16605558881317
200,36.640483608616265
201,64.72452482888345
202,160.90985270894916
203,35.737746557967576
204,0.47180615444384383
205,28.154426335557513
206,31.646971276534256
207,24.30028477867333
208,8.710942331400174
209,33.70087963834865
210,128.5870146882889
211,61.329316842407884
212,81.9105334444208
213,46.21834433392887
214,5.063896952837366
215,20.185296241462723
216,89.18333001323829
217,168.6100419892486
218,301.6997190146786
219,33.59185262496045
220,26.437658911016655
221,68.67325892187534
222,87.0813192148052
223,27.425825358630487
224,44.84498983980923
225,153.66773841187333
226,146.0347445509731
227,8.839463852351882
228,53.10083020787528
229,39.61400057516808
230,35.325042391306425
231,89.77134729973749
232,47.81702382431262
233,40.02370582832779
234,3.542478817116064
235,114.29584435162575
236,71.72836491727449
237,23.29232578201765
238,31.06762406331464
239,29.172467379049582
240,33.83765361100753
241,27.362527264276302
242,28.775154384384937
243,95.6732932447095
244,3.0686122077799936
245,73.11466939237287
246,102.70027512585078
247,253.92131223475891
248,105.1553644201464
249,361.9430727466357
250,170.92599138474225
251,210.60764191404687
252,159.59895125770097
253,39.648992249915004
254,15.280569079843168
255,78.14146329376645
256,41.70671627269673
257,169.79773709005318
258,80.33241831020116
259,388.71138154422295
260,259.60647534344326
261,217.49957143524222
262,43.86186150312131
263,25.10698349733251
264,16.89344194329794
265,292.4842199976304
266,135.1749163026667
267,89.34693979520246
268,63.84373186674714
269,159.47886846454483
270,125.31527496827324
271,117.03657361612666
272,17.113423734084826
273,86.18830708389211
274,16.849020210736793
275,245.50652057919143
276,298.57610446922223
277,281.74762983421965
278,61.52673157962064
279,83.7982351309106
280,45.23768177345344
281,283.7155808466936
282,68.5694112464867
283,69.33903276707444
284,12.294584182547254
285,80.16921473612192
286,43.41955623043467
287,67.21549031425192
288,81.16803695506441
289,72.84490830780987
290,143.08264703252414
291,126.00762858408794
292,98.31269395694714
293,84.48227291044485
294,16.054184536659157
295,271.2261369642132
296,333.296127886464
297,73.77905312888025
298,62.79931132675369
299,109.32202513423837
300,164.18518891259401
301,35.60966154994001
302,294.8265859001097
303,137.35283672536113
304,13.21662359719409
305,151.28672493510015
306,84.98670745921967
307,95.26782245221085
308,179.22755420390664
309,86.03775919292192
310,361.79793924359313
311,53.12600725516385
312,254.15882145657008
313,26.717727392444075
314,4.829810273756909
315,323.441664038589
316,125.44347097599193
317,24.557879628540167
318,119.03260501151932
319,65.88075762477459
320,67.24470399375738
321,84.10897270905595
322,74.97090720101245
323,60.58001593828827
324,15.587297878033091
325,369.9472301355748
326,27.206178713393726
327,296.81961687813396
328,76.01055326445149
329,135.52367933115318
330,18.11255110097233
331,33.47762703393117
332,24.42475801973415
333,69.66725647525867
334,95.70932567084112
335,25.019349798466017
336,312.25976795887215
337,100.73834673955584
338,96.91207945091952
339,168.33023034463056
340,316.6243496966785
341,70.97531983936163
342,149.21651716494384
343,423.2243928072627
344,107.65112284560642
345,228.95739403144233
346,324.8751904150478
347,18.775703687955083
348,13.728145631197702
349,40.84862461683912
350,26.144920569691674
351,47.1214487409498
352,240.6169196182945
353,79.65670429343632
354,209.7271029219015
355,454.90463362782276
356,155.13477025943135
357,59.97463086604668
358,8.589110024915932
359,39.49230029699009
360,20.261953094713306
361,90.77291831226233
362,279.7849476830618
363,79.77851009805902
364,343.53554839591874
365,117.32404396651756
366,66.16760531258286
367,92.87504667754011
368,17.62290385042961
369,95.83884969395122
370,105.6119137850526
371,157.75231188283541
372,85.97728415716645
373,72.4577387546857
374,86.30973688321572
375,229.22368470003497
376,104.58861377246154
377,200.47679834951924
378,7.683157410355402
379,149.69701627481385
380,289.90620241507816
381,81.36534039685279
382,81.49699579862731
383,82.12800022320496
384,95.81606378271177
385,89.20171531486997
386,65.97871479527363
387,190.88813069166284
388,73.8761336323718
389,22.28681082617551
390,150.0909620408288
391,186.9462737727287
392,78.01615632217053
393,54.09223057330615
394,59.92713647952772
395,87.93771444886795
396,104.99017771719608
397,72.2573800118168
398,109.08026250343683
399,66.38289165370352
400,18.19110634832828
401,54.94270259156029
402,235.15503120914371
403,83.60197324159036
404,29.8625638276814
405,62.4822794504052
406,175.01314175239082
407,68.79965205070347
408,72.31166319624381
409,20.521748286151716
410,20.302349484551836
411,216.61834983616956
412,113.28002449244786
413,509.4468612507879
414,39.59865182044541
415,39.60964138275011
416,270.10256226424605
417,13.6013773356437
418,66.83091701271897
419,60.12892996579474
420,17.382884472193453
421,64.81897644435918
422,70.35530836059881
423,51.49856907808061
424,346.92510665594983
425,477.401799812779
426,66.25250171752519
427,77.00354088557002
428,62.75112337803577
429,75.10233856999491
430,94.36230729058366
431,34.70180663740682
432,271.92146135695873
433,60.338164011752674
434,299.7611209127622
435,316.9985739277661
436,103.36447026029194
437,63.018344406394945
438,98.07409028386984
439,81.0924182526181
440,65.30657387804419
441,105.35225640890819
442,19.435682771203147
443,35.86285929304537
444,54.93971987211871
445,59.6112323236496
446,61.772898176102515
447,33.28283055322171
448,303.86830240089733
449,142.39009265405056
450,87.57942943980109
451,62.845998754838526
452,164.3959774611492
453,47.99977713366963
454,30.782102202247874
455,67.6802517072725
456,508.61510894253024
457,342.46443246187164
458,204.7221248111606
459,57.643491974270106
460,255.27909592406635
461,37.05686973947514
462,74.32827371946138
463,71.72100534334008
464,347.10246938151136
465,22.23553623230583
466,149.8394869787586
467,81.98536530837605
468,52.332064526786766
469,281.8358457645146
470,386.12902373253894
471,90.89033334331374
472,20.56007104268749
473,60.788665742617916
474,78.83689462131669
475,71.13736266927769
476,179.73941209547357
477,310.944739760977
478,19.271781248465945
479,51.8895511856043
480,356.43602306942677
481,9.658133991923988
482,17.825123398888902
483,155.3648643523864
484,23.491790702453176
485,308.3788544921695
486,59.467344448287285
487,80.70313121269112
488,191.58261700930558
489,48.470182807886204
490,34.6685112067313
491,18.20380970620529
492,190.22617651367207
493,49.490200049440325
494,98.68645730810006
495,114.71648392241875
496,44.33327566359378
497,71.5348717564567
498,49.36753815297675
499,88.98380124746387
500,67.94164917213978
501,82.16969475447439
502,115.70874483030875
503,387.9499749736185
504,370.2473761623177
505,22.82777958577296
506,26.687174055253116
507,222.75091579294028
508,30.192986716019767
509,107.68041622714658
510,107.07666374973816
511,311.7239591735919
512,70.07054544527765
513,414.9362202800338
514,31.782420888638296
515,31.473708719742493
516,79.02984094175544
517,102.1336989106966
518,159.27212883081202
519,85.33322080137974
520,28.674211856649787
521,106.1638491229595
522,69.56322010955363
523,268.1118584569434
524,22.65845238148319
525,171.11006235254683
526,255.46168484470059
527,228.84570942359963
528,36.45146423916537
529,373.44196924963035
530,334.27816970156675
531,313.4982957555578
532,64.49837806645114
533,230.3872008468608
534,91.2471069999189
535,425.2089266321645
536,42.765250334732166
537,116.06982387313926
538,139.49926702259003
539,57.06228554963031
540,133.75391543715372
541,54.833449522367026
542,67.13792623056922
543,37.25184386363772
544,92.1641229836134
545,148.216404826255
546,602.527029468956
547,605.7401755019969
548,51.98666101665506
549,59.46424209186896
550,100.68314792126124
551,149.86719427946068
552,67.64250807924823
553,34.41468173036051
554,45.75058613487484
555,45.97555280079916
556,163.5509187174818
557,380.63449992953167
558,59.833720378700065
559,55.67513905715034
560,235.98392701471633
561,47.43941644742471
562,51.90651567302194
563,224.9315653610702
564,48.50241574638638
565,56.38058836557232
566,307.2536970709407
567,103.70175188555075
568,100.23724298749121
569,278.3182673864882
570,40.19645161663308
571,166.10118119415853
572,258.6700830650827
573,322.9258927843529
574,49.794775210862184
575,62.18394777558404
576,127.37172985505185
577,40.996641606756235
578,371.0419225858799
579,163.0119951275321
580,44.48543817631905
581,270.90595392274673
582,108.59535084183287
583,110.30376198945093
584,121.91928123415649
585,61.60828057807265
586,28.312235130627815
587,63.60245723576142
588,598.4923788386795
589,389.71637012307843
590,61.07096029660212
591,133.7498523895214
592,72.73777702120476
593,63.353178340219
594,24.61814608950109
595,83.21000215357968
596,97.57064107701916
597,108.08538994432713
598,133.61778780038858
599,616.3803019496888
600,28.91757296084125
601,495.76955590529536
602,62.335921976321615
603,509.3592619556116
604,234.2360435888849
605,104.94326045788344
606,163.42601383584372
607,228.73688148401527
608,208.11602400048767
609,19.346898536232008
610,24.544516798212936
611,114.7748329528104
612,74.72350743778487
613,36.9228646612067
614,31.44897045695794
615,97.91234991847246
616,524.9342731085171
617,65.29563905082632
618,496.1610777113044
619,12.89572991700721
620,470.66943403454434
621,82.45507404905032
622,30.78510212614526
623,170.94297088068674
624,113.17347532731547
625,50.22696381246091
626,1.2193332449164933
627,25.13570384099472
628,121.07166308600394
629,520.9151597930289
630,30.833596776662983
631,27.171121635543745
632,28.61756769014476
633,13.46979879548668
634,11.442273352988146
635,146.670612254861
636,9.14241725045138
637,22.293218679165484
638,32.318409908233434
639,26.973597471964712
640,21.209844654008897
641,163.9151947990577
642,38.1691429975335
643,28.45680651552804
644,196.64058931547174
645,144.98305538067765
646,79.25651386234257
647,114.38846720320514
648,279.1477291043404
649,66.1519601509542
650,35.36890536280762
651,511.30456757409706
652,28.978671406009333
653,421.28516686121213
654,71.25637535063522
655,277.8566703483459
656,79.13161768333991
657,49.81433711914862
658,63.72566488058874
659,54.02469305210877
660,274.98171162938434
661,390.79212997310304
662,280.6001274614588
663,490.51812323140973
664,32.595450356080335
665,528.5387750873547
666,66.63806571729481
667,2.5479215821165924
668,509.49656389617843
669,313.8284199282234
670,46.186731372434586
671,35.411069532157526
672,213.41766106706322
673,398.92062434747885
674,73.64276240954403
675,85.73223074033052
676,72.72314873652452
677,43.60786299375144
678,510.85597039483156
679,121.43071519584906
680,36.040276788634664
681,471.0577734700494
682,122.95758187267286
683,546.0593087401794
684,21.425121287176605
685,102.1417076376491
686,85.91307704577675
687,71.83647177831719
688,444.998418544636
689,308.9196597140779
690,109.99370009324957
691,52.16870882756769
692,211.3354536251207
693,329.7652222166325
694,217.67381936291002
695,182.2176418055584
696,66.25426579007697
697,33.000476259942545
698,10.321744555736187
699,387.9991118827988
700,342.1471415585205
701,141.23953141861722
702,66.35582057332692
703,69.14354703570972
704,252.41935457640926
705,124.74996329372728
706,510.042600661759
707,107.7041471462817
708,26.021257729278734
709,44.30015668766562
710,181.37471441556184
711,398.8589607670428
712,359.89855601252594
713,248.106367492998
714,97.26599482438573
715,30.46243193267745
716,160.9766383365768
717,412.86856796471915
718,262.7716573250358
719,25.277966487925173
720,120.26474728870767
721,109.48102242138314
722,29.63985548500145
723,302.7679284749126
724,148.16126994063106
725,559.5275884739372
726,47.80302511846294
727,256.9880874182647
728,114.03925109209769
729,64.06815176591083
730,47.1054823054176
731,79.56219445425661
732,183.29011901863916
733,436.54865712419223
734,331.7177236659602
735,131.03218838293546
736,20.572505578464934
737,43.07853524520276
738,82.18413334095747
739,73.15277464473739
740,261.1720583285512
741,33.58796910687825
742,98.22915770281458
743,85.61322602680397
744,268.0993954810401
745,99.19529707501596
746,66.96892927299159
747,185.96626775032271
748,111.56398983796261
749,60.98027792736589
750,222.14970044008908
751,116.16908927282225
752,515.6647662962127
753,94.38439460034303
754,488.5973672216479
755,93.17615820787985
756,232.68545233941958
757,188.3631181837017
758,216.27145871787872
759,38.20063166944652
760,13.56341371674524
761,86.95145653986005
762,304.89306270684654
763,33.62738104701897
764,153.5905616120964
765,341.9516827555446
766,41.85877025480957
767,30.54174681529616
768,202.86475539714525
769,304.1467414226524
770,42.66133909901443
771,63.94379342623011
772,62.332766547748086
773,552.1503206520129
774,476.6274114483897
775,56.876301635446495
776,72.35102871818574
777,52.23528829455766
778,64.77735719655861
779,80.11961053953385
780,388.4639470825959
781,88.29134780316136
782,30.654219342109595
783,296.21232625102596
784,61.641045685347216
785,152.2041662787614
786,358.0981806332013
787,105.31890654703857
788,88.76517828085264
789,64.31953574871991
790,47.05801606784512
791,81.35068084576383
792,75.22441305216489
793,44.13173807141748
794,283.05357196648583
795,570.6685882431024
796,148.55013712504717
797,145.08711681656962
798,62.35221783207928
799,398.4721833633102
800,80.2751975918527
801,518.0425621823136
802,75.77930048859744
803,43.74082737403176
804,187.70739716347174
805,70.16308623453321
806,37.15979637056868
807,67.30678391744931
808,133.3707156325254
809,27.954847775122094
810,185.6862986916705
811,159.0195789711738
812,72.79859126189845
813,238.83567992121058
814,66.5316951354529
815,530.6735460574192
816,35.830751425036375
817,48.6352323515714
818,24.85023892269281
819,622.5880069479655
820,27.359143440963514
821,71.00633149429112
822,6.27744212286104
823,546.5604322682578
824,71.14258233753154
825,60.33500658975486
826,271.3532228025155
827,82.40315465839078
828,397.697384420539
829,107.78296089960544
830,76.64543487848866
831,54.064979391614884
832,185.12715265631223
833,341.6036942570632
834,40.59771379905724
835,304.49055384788943
836,353.5347675648654
837,389.5901355325638
838,268.28935578471317
839,62.86664747217335
840,168.26628182225735
841,77.2297891782096
842,161.9940630273648
843,329.9662455359323
844,13.820118262991304
845,56.65649249905893
846,178.2024706308147
847,120.7215587417477
848,199.49682029788752
849,365.9903781895923
850,385.0932010206376
851,429.5468940473819
852,124.88651048050295
853,25.110340946263385
854,371.7807659019777
855,199.3539010816825
856,46.56165775202638
857,48.74055385737198
858,126.79661323518431
859,6.0
860,54.97413509112208
861,227.73199927930085
862,182.20670755344867
863,49.59668054952423
864,310.1487947561598
865,225.84677548112637
866,64.7998459779238
867,97.28723392126983
868,61.25753937376594
869,31.19512034180204
870,351.11525326282896
871,409.7726259261424
872,144.35088308004003
873,408.9099527941886
874,281.0268814468664
875,500.63396345530697
876,504.93565936115414
877,530.4328329567196
878,513.9503139169868
879,36.54027331504201
880,448.95452811236726
881,390.6516403877795
882,456.32218141249757
883,82.12950276904843
884,331.52917690216543
885,286.4851785098072
886,450.297562818401
887,480.70271694990794
888,87.2922705124732
889,72.37140792704344
890,110.60001497386529
891,69.65471727223473
892,127.94016916766213
893,232.68478993644794
894,212.43967699792714
895,35.224902129710216
896,77.4529558768031
897,72.59475761810371
898,473.1645173544272
899,95.45427605594863
900,318.48141963641774
901,191.904653770002
902,333.88600094398384
903,409.7191087706498
904,77.88490292980877
905,134.21039223245367
906,91.95700795348705
907,35.62397979791995
908,90.30003734247435
909,68.51347411075108
910,349.5123222122089
911,52.2116497151785
912,21.811087738979957
913,78.39261517810449
914,177.6382493284341
915,146.91240665050444
916,481.49229128978493
917,76.10482008342268
918,38.33177582934699
919,0.4893143524041857
920,37.0566325738488
921,43.49585654570327
922,24.71172807790669
923,24.89201337112
924,289.99190628058346
925,60.21820240719504
926,48.49528932542332
927,57.17268889086875
928,76.77714662395204
929,28.07956008351359
930,3.01543829678194
931,28.448984372324293
932,392.34939876235177
933,198.96051166013066
934,513.6156174927219
935,310.5608477146743
936,576.0843013760253
937,168.81792338842192
938,24.81205667175865
939,12.149382971215536
940,0.2666911658514379
941,537.0420095679646
942,11.303959812754648
943,18.156629799939722
944,63.36309881338398
945,23.693206715799104
946,143.75040230916522
947,24.611696250937754
948,54.38456888429697
949,60.115510741351585
950,0.36629721341856863
951,88.09775960088575
952,56.101248242187424
953,55.74063861824934
954,487.62011849816696
955,40.13095743281163
956,164.1422930024408
957,64.96418510379672
958,255.76772604347082
959,67.7729962983942
960,0.2512429207121634
961,488.09255376506513
962,536.9099998356829
963,248.54215935970043
964,26.941006592449394
965,577.9027683666436
966,104.16088942248943
967,10.377652529263093
968,79.5145083888536
969,109.25791313369952
970,0.2613153315367636
971,108.72808048590106
972,122.44736081290348
973,370.93999884711997
974,60.79137711631392
975,92.89334626918574
976,433.7794653395573
977,92.54397574578482
978,71.9822227077428
979,116.81088156565855
980,41.63463658649115
981,44.817122697806994
982,29.67682758708345
983,155.38280438248844
984,97.34503548724875
985,109.93731431111348
986,206.77523405441863
987,209.05473322650414
988,466.4073096537986
989,366.0437751563768
990,229.17995496679106
991,436.1543612790993
992,0.9182652335225562
993,221.43155143232218
994,497.7674957402252
995,121.35595226847276
996,407.59150371276263
997,90.07363884235092
998,79.4781863184224
999,29.3089420375783
1000,74.82147245365346
1001,57.5582703507374
1002,261.74966789916266
1003,1.967364465191271
1004,236.89266288536362
1005,73.52157992733707
1006,274.4661224903247
1007,123.76420069487818
1008,47.54807762167068
1009,145.29803888477318
1010,57.73351336838411
1011,147.28928286804725
1012,137.19033284099757
1013,54.058958108739525
1014,28.5475314538342
1015,84.258282529518
1016,133.28823451571586
1017,31.27670625094668
1018,137.413847116632
1019,152.29082313207434
1020,264.832554345763
1021,512.1609614554991
1022,56.46961313579176
1023,123.9080568357863
1024,111.10904463530592
1025,181.85156948812534
1026,59.84640892185762
1027,528.945804603628
1028,119.83059682737039
1029,589.6528655740326
1030,371.24350097585756
1031,406.28474314095354
1032,88.30957878907003
1033,91.24339332783859
1034,85.81548147191585
